     0.010     9.999    -0.098
     0.020     9.997    -0.196
     0.030     9.994    -0.294
     0.040     9.990    -0.392
     0.050     9.985    -0.491
     0.060     9.979    -0.589
     0.070     9.973    -0.687
     0.080     9.965    -0.785
     0.090     9.956    -0.883
     0.100     9.946    -0.981
     0.110     9.935    -1.079
     0.120     9.923    -1.177
     0.130     9.911    -1.275
     0.140     9.897    -1.373
     0.150     9.882    -1.471
     0.160     9.867    -1.570
     0.170     9.850    -1.668
     0.180     9.832    -1.766
     0.190     9.814    -1.864
     0.200     9.794    -1.962
     0.210     9.773    -2.060
     0.220     9.752    -2.158
     0.230     9.729    -2.256
     0.240     9.706    -2.354
     0.250     9.681    -2.452
     0.260     9.656    -2.551
     0.270     9.629    -2.649
     0.280     9.602    -2.747
     0.290     9.573    -2.845
     0.300     9.544    -2.943
     0.310     9.513    -3.041
     0.320     9.482    -3.139
     0.330     9.450    -3.237
     0.340     9.416    -3.335
     0.350     9.382    -3.433
     0.360     9.347    -3.532
     0.370     9.310    -3.630
     0.380     9.273    -3.728
     0.390     9.235    -3.826
     0.400     9.196    -3.924
     0.410     9.155    -4.022
     0.420     9.114    -4.120
     0.430     9.072    -4.218
     0.440     9.029    -4.316
     0.450     8.985    -4.414
     0.460     8.940    -4.513
     0.470     8.893    -4.611
     0.480     8.846    -4.709
     0.490     8.798    -4.807
     0.500     8.749    -4.905
     0.510     8.699    -5.003
     0.520     8.648    -5.101
     0.530     8.596    -5.199
     0.540     8.543    -5.297
     0.550     8.489    -5.396
     0.560     8.434    -5.494
     0.570     8.378    -5.592
     0.580     8.322    -5.690
     0.590     8.264    -5.788
     0.600     8.205    -5.886
     0.610     8.145    -5.984
     0.620     8.084    -6.082
     0.630     8.022    -6.180
     0.640     7.960    -6.278
     0.650     7.896    -6.377
     0.660     7.831    -6.475
     0.670     7.765    -6.573
     0.680     7.699    -6.671
     0.690     7.631    -6.769
     0.700     7.562    -6.867
     0.710     7.493    -6.965
     0.720     7.422    -7.063
     0.730     7.350    -7.161
     0.740     7.278    -7.259
     0.750     7.204    -7.358
     0.760     7.130    -7.456
     0.770     7.054    -7.554
     0.780     6.978    -7.652
     0.790     6.900    -7.750
     0.800     6.822    -7.848
     0.810     6.742    -7.946
     0.820     6.662    -8.044
     0.830     6.580    -8.142
     0.840     6.498    -8.240
     0.850     6.414    -8.339
     0.860     6.330    -8.437
     0.870     6.245    -8.535
     0.880     6.158    -8.633
     0.890     6.071    -8.731
     0.900     5.983    -8.829
     0.910     5.894    -8.927
     0.920     5.803    -9.025
     0.930     5.712    -9.123
     0.940     5.620    -9.221
     0.950     5.527    -9.320
     0.960     5.432    -9.418
     0.970     5.337    -9.516
     0.980     5.241    -9.614
     0.990     5.144    -9.712
     1.000     5.046    -9.810
     1.010     4.947    -9.908
     1.020     4.847   -10.006
     1.030     4.746   -10.104
     1.040     4.644   -10.202
     1.050     4.541   -10.300
     1.060     4.437   -10.399
     1.070     4.332   -10.497
     1.080     4.226   -10.595
     1.090     4.119   -10.693
     1.100     4.011   -10.791
     1.110     3.902   -10.889
     1.120     3.792   -10.987
     1.130     3.681   -11.085
     1.140     3.570   -11.183
     1.150     3.457   -11.281
     1.160     3.343   -11.380
     1.170     3.228   -11.478
     1.180     3.112   -11.576
     1.190     2.996   -11.674
     1.200     2.878   -11.772
     1.210     2.759   -11.870
     1.220     2.640   -11.968
     1.230     2.519   -12.066
     1.240     2.397   -12.164
     1.250     2.275   -12.262
     1.260     2.151   -12.361
     1.270     2.026   -12.459
     1.280     1.901   -12.557
     1.290     1.774   -12.655
     1.300     1.647   -12.753
     1.310     1.518   -12.851
     1.320     1.389   -12.949
     1.330     1.258   -13.047
     1.340     1.127   -13.145
     1.350     0.994   -13.243
     1.360     0.862   -13.286
     1.370     0.742   -11.999
     1.380     0.646    -9.513
     1.390     0.586    -6.076
     1.400     0.565    -2.031
     1.410     0.588     2.218
     1.420     0.650     6.244
     1.430     0.746     9.646
     1.440     0.867    12.083
     1.450     1.000    13.313
     1.460     1.133    13.214
     1.470     1.264    13.116
     1.480     1.394    13.018
     1.490     1.523    12.920
     1.500     1.651    12.822
     1.510     1.779    12.724
     1.520     1.905    12.626
     1.530     2.030    12.528
     1.540     2.154    12.430
     1.550     2.278    12.332
     1.560     2.400    12.233
     1.570     2.521    12.135
     1.580     2.642    12.037
     1.590     2.761    11.939
     1.600     2.880    11.841
     1.610     2.997    11.743
     1.620     3.113    11.645
     1.630     3.229    11.547
     1.640     3.343    11.449
     1.650     3.457    11.351
     1.660     3.569    11.252
     1.670     3.681    11.154
     1.680     3.792    11.056
     1.690     3.901    10.958
     1.700     4.010    10.860
     1.710     4.117    10.762
     1.720     4.224    10.664
     1.730     4.330    10.566
     1.740     4.434    10.468
     1.750     4.538    10.370
     1.760     4.641    10.271
     1.770     4.742    10.173
     1.780     4.843    10.075
     1.790     4.943     9.977
     1.800     5.042     9.879
     1.810     5.140     9.781
     1.820     5.236     9.683
     1.830     5.332     9.585
     1.840     5.427     9.487
     1.850     5.521     9.389
     1.860     5.614     9.290
     1.870     5.706     9.192
     1.880     5.797     9.094
     1.890     5.887     8.996
     1.900     5.976     8.898
     1.910     6.064     8.800
     1.920     6.151     8.702
     1.930     6.237     8.604
     1.940     6.322     8.506
     1.950     6.406     8.408
     1.960     6.489     8.309
     1.970     6.571     8.211
     1.980     6.652     8.113
     1.990     6.732     8.015
     2.000     6.812     7.917
     2.010     6.890     7.819
     2.020     6.967     7.721
     2.030     7.043     7.623
     2.040     7.118     7.525
     2.050     7.193     7.427
     2.060     7.266     7.328
     2.070     7.338     7.230
     2.080     7.410     7.132
     2.090     7.480     7.034
     2.100     7.549     6.936
     2.110     7.618     6.838
     2.120     7.685     6.740
     2.130     7.752     6.642
     2.140     7.817     6.544
     2.150     7.881     6.446
     2.160     7.945     6.347
     2.170     8.007     6.249
     2.180     8.069     6.151
     2.190     8.129     6.053
     2.200     8.189     5.955
     2.210     8.248     5.857
     2.220     8.305     5.759
     2.230     8.362     5.661
     2.240     8.417     5.563
     2.250     8.472     5.465
     2.260     8.526     5.366
     2.270     8.578     5.268
     2.280     8.630     5.170
     2.290     8.681     5.072
     2.300     8.731     4.974
     2.310     8.779     4.876
     2.320     8.827     4.778
     2.330     8.874     4.680
     2.340     8.920     4.582
     2.350     8.965     4.484
     2.360     9.008     4.385
     2.370     9.051     4.287
     2.380     9.093     4.189
     2.390     9.134     4.091
     2.400     9.174     3.993
     2.410     9.213     3.895
     2.420     9.251     3.797
     2.430     9.288     3.699
     2.440     9.324     3.601
     2.450     9.359     3.503
     2.460     9.393     3.404
     2.470     9.426     3.306
     2.480     9.458     3.208
     2.490     9.489     3.110
     2.500     9.519     3.012
     2.510     9.548     2.914
     2.520     9.577     2.816
     2.530     9.604     2.718
     2.540     9.630     2.620
     2.550     9.655     2.522
     2.560     9.679     2.423
     2.570     9.703     2.325
     2.580     9.725     2.227
     2.590     9.746     2.129
     2.600     9.767     2.031
     2.610     9.786     1.933
     2.620     9.804     1.835
     2.630     9.822     1.737
     2.640     9.838     1.639
     2.650     9.853     1.541
     2.660     9.868     1.442
     2.670     9.881     1.344
     2.680     9.894     1.246
     2.690     9.905     1.148
     2.700     9.916     1.050
     2.710     9.925     0.952
     2.720     9.934     0.854
     2.730     9.941     0.756
     2.740     9.948     0.658
     2.750     9.954     0.560
     2.760     9.958     0.461
     2.770     9.962     0.363
     2.780     9.964     0.265
     2.790     9.966     0.167
     2.800     9.967     0.069
     2.810     9.966    -0.029
     2.820     9.965    -0.127
     2.830     9.963    -0.225
     2.840     9.960    -0.323
     2.850     9.956    -0.421
     2.860     9.950    -0.520
     2.870     9.944    -0.618
     2.880     9.937    -0.716
     2.890     9.929    -0.814
     2.900     9.920    -0.912
     2.910     9.910    -1.010
     2.920     9.899    -1.108
     2.930     9.886    -1.206
     2.940     9.873    -1.304
     2.950     9.859    -1.402
     2.960     9.844    -1.501
     2.970     9.828    -1.599
     2.980     9.811    -1.697
     2.990     9.794    -1.795
     3.000     9.775    -1.893
     3.010     9.755    -1.991
     3.020     9.734    -2.089
     3.030     9.712    -2.187
     3.040     9.689    -2.285
     3.050     9.665    -2.383
     3.060     9.640    -2.482
     3.070     9.615    -2.580
     3.080     9.588    -2.678
     3.090     9.560    -2.776
     3.100     9.531    -2.874
     3.110     9.502    -2.972
     3.120     9.471    -3.070
     3.130     9.439    -3.168
     3.140     9.407    -3.266
     3.150     9.373    -3.364
     3.160     9.338    -3.463
     3.170     9.303    -3.561
     3.180     9.266    -3.659
     3.190     9.229    -3.757
     3.200     9.190    -3.855
     3.210     9.150    -3.953
     3.220     9.110    -4.051
     3.230     9.068    -4.149
     3.240     9.026    -4.247
     3.250     8.983    -4.345
     3.260     8.938    -4.444
     3.270     8.893    -4.542
     3.280     8.846    -4.640
     3.290     8.799    -4.738
     3.300     8.751    -4.836
     3.310     8.701    -4.934
     3.320     8.651    -5.032
     3.330     8.600    -5.130
     3.340     8.547    -5.228
     3.350     8.494    -5.326
     3.360     8.440    -5.425
     3.370     8.385    -5.523
     3.380     8.328    -5.621
     3.390     8.271    -5.719
     3.400     8.213    -5.817
     3.410     8.154    -5.915
     3.420     8.094    -6.013
     3.430     8.033    -6.111
     3.440     7.970    -6.209
     3.450     7.907    -6.307
     3.460     7.843    -6.406
     3.470     7.778    -6.504
     3.480     7.712    -6.602
     3.490     7.645    -6.700
     3.500     7.577    -6.798
     3.510     7.508    -6.896
     3.520     7.438    -6.994
     3.530     7.368    -7.092
     3.540     7.296    -7.190
     3.550     7.223    -7.288
     3.560     7.149    -7.387
     3.570     7.074    -7.485
     3.580     6.998    -7.583
     3.590     6.921    -7.681
     3.600     6.844    -7.779
     3.610     6.765    -7.877
     3.620     6.685    -7.975
     3.630     6.604    -8.073
     3.640     6.523    -8.171
     3.650     6.440    -8.269
     3.660     6.356    -8.368
     3.670     6.272    -8.466
     3.680     6.186    -8.564
     3.690     6.099    -8.662
     3.700     6.012    -8.760
     3.710     5.923    -8.858
     3.720     5.834    -8.956
     3.730     5.743    -9.054
     3.740     5.652    -9.152
     3.750     5.559    -9.250
     3.760     5.466    -9.349
     3.770     5.371    -9.447
     3.780     5.276    -9.545
     3.790     5.179    -9.643
     3.800     5.082    -9.741
     3.810     4.983    -9.839
     3.820     4.884    -9.937
     3.830     4.784   -10.035
     3.840     4.682   -10.133
     3.850     4.580   -10.231
     3.860     4.477   -10.330
     3.870     4.372   -10.428
     3.880     4.267   -10.526
     3.890     4.161   -10.624
     3.900     4.054   -10.722
     3.910     3.946   -10.820
     3.920     3.836   -10.918
     3.930     3.726   -11.016
     3.940     3.615   -11.114
     3.950     3.503   -11.212
     3.960     3.390   -11.311
     3.970     3.276   -11.409
     3.980     3.161   -11.507
     3.990     3.045   -11.605
     4.000     2.928   -11.703
     4.010     2.810   -11.801
     4.020     2.691   -11.899
     4.030     2.571   -11.997
     4.040     2.450   -12.095
     4.050     2.328   -12.193
     4.060     2.205   -12.292
     4.070     2.081   -12.390
     4.080     1.956   -12.488
     4.090     1.830   -12.586
     4.100     1.703   -12.684
     4.110     1.576   -12.782
     4.120     1.447   -12.880
     4.130     1.317   -12.978
     4.140     1.186   -13.076
     4.150     1.054   -13.174
     4.160     0.922   -13.273
     4.170     0.796   -12.588
     4.180     0.689   -10.644
     4.190     0.613    -7.636
     4.200     0.574    -3.864
     4.210     0.577     0.294
     4.220     0.622     4.422
     4.230     0.703     8.109
     4.240     0.812    10.984
     4.250     0.940    12.762
     4.260     1.073    13.263
     4.270     1.204    13.164
     4.280     1.335    13.066
     4.290     1.465    12.968
     4.300     1.593    12.870
     4.310     1.721    12.772
     4.320     1.848    12.674
     4.330     1.974    12.576
     4.340     2.098    12.478
     4.350     2.222    12.380
     4.360     2.345    12.282
     4.370     2.467    12.183
     4.380     2.588    12.085
     4.390     2.708    11.987
     4.400     2.826    11.889
     4.410     2.944    11.791
     4.420     3.061    11.693
     4.430     3.177    11.595
     4.440     3.292    11.497
     4.450     3.406    11.399
     4.460     3.519    11.301
     4.470     3.631    11.202
     4.480     3.742    11.104
     4.490     3.852    11.006
     4.500     3.961    10.908
     4.510     4.070    10.810
     4.520     4.177    10.712
     4.530     4.283    10.614
     4.540     4.388    10.516
     4.550     4.492    10.418
     4.560     4.595    10.320
     4.570     4.698    10.221
     4.580     4.799    10.123
     4.590     4.899    10.025
     4.600     4.998     9.927
     4.610     5.097     9.829
     4.620     5.194     9.731
     4.630     5.290     9.633
     4.640     5.386     9.535
     4.650     5.480     9.437
     4.660     5.573     9.339
     4.670     5.666     9.240
     4.680     5.757     9.142
     4.690     5.848     9.044
     4.700     5.937     8.946
     4.710     6.026     8.848
     4.720     6.113     8.750
     4.730     6.200     8.652
     4.740     6.285     8.554
     4.750     6.370     8.456
     4.760     6.453     8.358
     4.770     6.536     8.259
     4.780     6.617     8.161
     4.790     6.698     8.063
     4.800     6.778     7.965
     4.810     6.856     7.867
     4.820     6.934     7.769
     4.830     7.011     7.671
     4.840     7.087     7.573
     4.850     7.161     7.475
     4.860     7.235     7.377
     4.870     7.308     7.278
     4.880     7.380     7.180
     4.890     7.450     7.082
     4.900     7.520     6.984
     4.910     7.589     6.886
     4.920     7.657     6.788
     4.930     7.724     6.690
     4.940     7.790     6.592
     4.950     7.855     6.494
     4.960     7.919     6.396
     4.970     7.982     6.297
     4.980     8.044     6.199
     4.990     8.105     6.101
     5.000     8.165     6.003
     5.010     8.224     5.905
     5.020     8.282     5.807
     5.030     8.339     5.709
     5.040     8.395     5.611
     5.050     8.450     5.513
     5.060     8.504     5.415
     5.070     8.557     5.316
     5.080     8.610     5.218
     5.090     8.661     5.120
     5.100     8.711     5.022
     5.110     8.760     4.924
     5.120     8.809     4.826
     5.130     8.856     4.728
     5.140     8.902     4.630
     5.150     8.947     4.532
     5.160     8.992     4.434
     5.170     9.035     4.335
     5.180     9.078     4.237
     5.190     9.119     4.139
     5.200     9.159     4.041
     5.210     9.199     3.943
     5.220     9.237     3.845
     5.230     9.275     3.747
     5.240     9.311     3.649
     5.250     9.347     3.551
     5.260     9.381     3.453
     5.270     9.415     3.354
     5.280     9.447     3.256
     5.290     9.479     3.158
     5.300     9.510     3.060
     5.310     9.539     2.962
     5.320     9.568     2.864
     5.330     9.595     2.766
     5.340     9.622     2.668
     5.350     9.648     2.570
     5.360     9.673     2.472
     5.370     9.696     2.373
     5.380     9.719     2.275
     5.390     9.741     2.177
     5.400     9.762     2.079
     5.410     9.781     1.981
     5.420     9.800     1.883
     5.430     9.818     1.785
     5.440     9.835     1.687
     5.450     9.851     1.589
     5.460     9.866     1.491
     5.470     9.880     1.392
     5.480     9.893     1.294
     5.490     9.905     1.196
     5.500     9.916     1.098
     5.510     9.926     1.000
     5.520     9.935     0.902
     5.530     9.943     0.804
     5.540     9.950     0.706
     5.550     9.956     0.608
     5.560     9.961     0.510
     5.570     9.965     0.411
     5.580     9.968     0.313
     5.590     9.970     0.215
     5.600     9.971     0.117
     5.610     9.972     0.019
     5.620     9.971    -0.079
     5.630     9.969    -0.177
     5.640     9.966    -0.275
     5.650     9.963    -0.373
     5.660     9.958    -0.471
     5.670     9.952    -0.570
     5.680     9.945    -0.668
     5.690     9.938    -0.766
     5.700     9.929    -0.864
     5.710     9.920    -0.962
     5.720     9.909    -1.060
     5.730     9.897    -1.158
     5.740     9.885    -1.256
     5.750     9.871    -1.354
     5.760     9.857    -1.452
     5.770     9.841    -1.551
     5.780     9.825    -1.649
     5.790     9.807    -1.747
     5.800     9.789    -1.845
     5.810     9.769    -1.943
     5.820     9.749    -2.041
     5.830     9.728    -2.139
     5.840     9.705    -2.237
     5.850     9.682    -2.335
     5.860     9.658    -2.433
     5.870     9.632    -2.532
     5.880     9.606    -2.630
     5.890     9.579    -2.728
     5.900     9.550    -2.826
     5.910     9.521    -2.924
     5.920     9.491    -3.022
     5.930     9.460    -3.120
     5.940     9.428    -3.218
     5.950     9.394    -3.316
     5.960     9.360    -3.414
     5.970     9.325    -3.513
     5.980     9.289    -3.611
     5.990     9.252    -3.709
     6.000     9.214    -3.807
     6.010     9.175    -3.905
     6.020     9.135    -4.003
     6.030     9.094    -4.101
     6.040     9.052    -4.199
     6.050     9.009    -4.297
     6.060     8.965    -4.395
     6.070     8.920    -4.494
     6.080     8.874    -4.592
     6.090     8.827    -4.690
     6.100     8.779    -4.788
     6.110     8.730    -4.886
     6.120     8.680    -4.984
     6.130     8.630    -5.082
     6.140     8.578    -5.180
     6.150     8.525    -5.278
     6.160     8.471    -5.376
     6.170     8.417    -5.475
     6.180     8.361    -5.573
     6.190     8.304    -5.671
     6.200     8.246    -5.769
     6.210     8.188    -5.867
     6.220     8.128    -5.965
     6.230     8.068    -6.063
     6.240     8.006    -6.161
     6.250     7.943    -6.259
     6.260     7.880    -6.357
     6.270     7.815    -6.456
     6.280     7.750    -6.554
     6.290     7.683    -6.652
     6.300     7.616    -6.750
     6.310     7.547    -6.848
     6.320     7.478    -6.946
     6.330     7.407    -7.044
     6.340     7.336    -7.142
     6.350     7.263    -7.240
     6.360     7.190    -7.338
     6.370     7.116    -7.437
     6.380     7.040    -7.535
     6.390     6.964    -7.633
     6.400     6.887    -7.731
     6.410     6.808    -7.829
     6.420     6.729    -7.927
     6.430     6.649    -8.025
     6.440     6.568    -8.123
     6.450     6.485    -8.221
     6.460     6.402    -8.319
     6.470     6.318    -8.418
     6.480     6.233    -8.516
     6.490     6.147    -8.614
     6.500     6.060    -8.712
     6.510     5.972    -8.810
     6.520     5.882    -8.908
     6.530     5.792    -9.006
     6.540     5.701    -9.104
     6.550     5.609    -9.202
     6.560     5.516    -9.300
     6.570     5.422    -9.399
     6.580     5.327    -9.497
     6.590     5.231    -9.595
     6.600     5.134    -9.693
     6.610     5.037    -9.791
     6.620     4.938    -9.889
     6.630     4.838    -9.987
     6.640     4.737   -10.085
     6.650     4.635   -10.183
     6.660     4.532   -10.281
     6.670     4.429   -10.380
     6.680     4.324   -10.478
     6.690     4.218   -10.576
     6.700     4.111   -10.674
     6.710     4.004   -10.772
     6.720     3.895   -10.870
     6.730     3.785   -10.968
     6.740     3.674   -11.066
     6.750     3.563   -11.164
     6.760     3.450   -11.262
     6.770     3.337   -11.361
     6.780     3.222   -11.459
     6.790     3.106   -11.557
     6.800     2.990   -11.655
     6.810     2.872   -11.753
     6.820     2.754   -11.851
     6.830     2.634   -11.949
     6.840     2.514   -12.047
     6.850     2.392   -12.145
     6.860     2.270   -12.243
     6.870     2.147   -12.342
     6.880     2.022   -12.440
     6.890     1.897   -12.538
     6.900     1.770   -12.636
     6.910     1.643   -12.734
     6.920     1.515   -12.832
     6.930     1.386   -12.930
     6.940     1.255   -13.028
     6.950     1.124   -13.126
     6.960     0.992   -13.224
     6.970     0.859   -13.240
     6.980     0.740   -11.931
     6.990     0.646    -9.429
     7.000     0.586    -5.985
     7.010     0.566    -1.941
     7.020     0.589     2.296
     7.030     0.652     6.304
     7.040     0.749     9.681
     7.050     0.870    12.090
     7.060     1.003    13.290
     7.070     1.135    13.192
     7.080     1.266    13.094
     7.090     1.396    12.996
     7.100     1.525    12.898
     7.110     1.653    12.800
     7.120     1.780    12.702
     7.130     1.906    12.604
     7.140     2.031    12.506
     7.150     2.155    12.408
     7.160     2.278    12.309
     7.170     2.400    12.211
     7.180     2.521    12.113
     7.190     2.642    12.015
     7.200     2.761    11.917
     7.210     2.879    11.819
     7.220     2.996    11.721
     7.230     3.112    11.623
     7.240     3.228    11.525
     7.250     3.342    11.427
     7.260     3.455    11.328
     7.270     3.567    11.230
     7.280     3.679    11.132
     7.290     3.789    11.034
     7.300     3.898    10.936
     7.310     4.007    10.838
     7.320     4.114    10.740
     7.330     4.221    10.642
     7.340     4.326    10.544
     7.350     4.431    10.446
     7.360     4.534    10.347
     7.370     4.637    10.249
     7.380     4.738    10.151
     7.390     4.839    10.053
     7.400     4.938     9.955
     7.410     5.037     9.857
     7.420     5.134     9.759
     7.430     5.231     9.661
     7.440     5.327     9.563
     7.450     5.421     9.465
     7.460     5.515     9.366
     7.470     5.608     9.268
     7.480     5.699     9.170
     7.490     5.790     9.072
     7.500     5.880     8.974
     7.510     5.968     8.876
     7.520     6.056     8.778
     7.530     6.143     8.680
     7.540     6.229     8.582
     7.550     6.314     8.484
     7.560     6.398     8.385
     7.570     6.480     8.287
     7.580     6.562     8.189
     7.590     6.643     8.091
     7.600     6.723     7.993
     7.610     6.802     7.895
     7.620     6.880     7.797
     7.630     6.957     7.699
     7.640     7.033     7.601
     7.650     7.108     7.503
     7.660     7.182     7.404
     7.670     7.255     7.306
     7.680     7.327     7.208
     7.690     7.398     7.110
     7.700     7.468     7.012
     7.710     7.538     6.914
     7.720     7.606     6.816
     7.730     7.673     6.718
     7.740     7.739     6.620
     7.750     7.804     6.522
     7.760     7.869     6.423
     7.770     7.932     6.325
     7.780     7.994     6.227
     7.790     8.055     6.129
     7.800     8.116     6.031
     7.810     8.175     5.933
     7.820     8.233     5.835
     7.830     8.291     5.737
     7.840     8.347     5.639
     7.850     8.403     5.541
     7.860     8.457     5.442
     7.870     8.510     5.344
     7.880     8.563     5.246
     7.890     8.614     5.148
     7.900     8.665     5.050
     7.910     8.714     4.952
     7.920     8.763     4.854
     7.930     8.811     4.756
     7.940     8.857     4.658
     7.950     8.903     4.560
     7.960     8.947     4.461
     7.970     8.991     4.363
     7.980     9.034     4.265
     7.990     9.075     4.167
     8.000     9.116     4.069
     8.010     9.156     3.971
     8.020     9.194     3.873
     8.030     9.232     3.775
     8.040     9.269     3.677
     8.050     9.305     3.579
     8.060     9.339     3.480
     8.070     9.373     3.382
     8.080     9.406     3.284
     8.090     9.438     3.186
     8.100     9.469     3.088
     8.110     9.499     2.990
     8.120     9.528     2.892
     8.130     9.556     2.794
     8.140     9.583     2.696
     8.150     9.609     2.598
     8.160     9.634     2.499
     8.170     9.658     2.401
     8.180     9.681     2.303
     8.190     9.703     2.205
     8.200     9.724     2.107
     8.210     9.744     2.009
     8.220     9.763     1.911
     8.230     9.781     1.813
     8.240     9.798     1.715
     8.250     9.814     1.617
     8.260     9.830     1.518
     8.270     9.844     1.420
     8.280     9.857     1.322
     8.290     9.869     1.224
     8.300     9.881     1.126
     8.310     9.891     1.028
     8.320     9.900     0.930
     8.330     9.908     0.832
     8.340     9.916     0.734
     8.350     9.922     0.636
     8.360     9.927     0.537
     8.370     9.932     0.439
     8.380     9.935     0.341
     8.390     9.938     0.243
     8.400     9.939     0.145
     8.410     9.940     0.047
     8.420     9.939    -0.051
     8.430     9.938    -0.149
     8.440     9.935    -0.247
     8.450     9.932    -0.345
     8.460     9.927    -0.444
     8.470     9.922    -0.542
     8.480     9.915    -0.640
     8.490     9.908    -0.738
     8.500     9.900    -0.836
     8.510     9.890    -0.934
     8.520     9.880    -1.032
     8.530     9.869    -1.130
     8.540     9.856    -1.228
     8.550     9.843    -1.326
     8.560     9.829    -1.425
     8.570     9.814    -1.523
     8.580     9.798    -1.621
     8.590     9.780    -1.719
     8.600     9.762    -1.817
     8.610     9.743    -1.915
     8.620     9.723    -2.013
     8.630     9.702    -2.111
     8.640     9.680    -2.209
     8.650     9.657    -2.307
     8.660     9.633    -2.406
     8.670     9.608    -2.504
     8.680     9.581    -2.602
     8.690     9.554    -2.700
     8.700     9.527    -2.798
     8.710     9.498    -2.896
     8.720     9.468    -2.994
     8.730     9.437    -3.092
     8.740     9.405    -3.190
     8.750     9.372    -3.288
     8.760     9.338    -3.387
     8.770     9.303    -3.485
     8.780     9.267    -3.583
     8.790     9.231    -3.681
     8.800     9.193    -3.779
     8.810     9.154    -3.877
     8.820     9.114    -3.975
     8.830     9.074    -4.073
     8.840     9.032    -4.171
     8.850     8.989    -4.269
     8.860     8.945    -4.368
     8.870     8.901    -4.466
     8.880     8.855    -4.564
     8.890     8.809    -4.662
     8.900     8.761    -4.760
     8.910     8.712    -4.858
     8.920     8.663    -4.956
     8.930     8.612    -5.054
     8.940     8.561    -5.152
     8.950     8.508    -5.250
     8.960     8.455    -5.349
     8.970     8.400    -5.447
     8.980     8.345    -5.545
     8.990     8.288    -5.643
     9.000     8.231    -5.741
     9.010     8.173    -5.839
     9.020     8.113    -5.937
     9.030     8.053    -6.035
     9.040     7.992    -6.133
     9.050     7.929    -6.231
     9.060     7.866    -6.330
     9.070     7.802    -6.428
     9.080     7.736    -6.526
     9.090     7.670    -6.624
     9.100     7.603    -6.722
     9.110     7.535    -6.820
     9.120     7.466    -6.918
     9.130     7.395    -7.016
     9.140     7.324    -7.114
     9.150     7.252    -7.212
     9.160     7.179    -7.311
     9.170     7.105    -7.409
     9.180     7.030    -7.507
     9.190     6.954    -7.605
     9.200     6.877    -7.703
     9.210     6.799    -7.801
     9.220     6.720    -7.899
     9.230     6.640    -7.997
     9.240     6.559    -8.095
     9.250     6.477    -8.193
     9.260     6.394    -8.292
     9.270     6.310    -8.390
     9.280     6.225    -8.488
     9.290     6.139    -8.586
     9.300     6.053    -8.684
     9.310     5.965    -8.782
     9.320     5.876    -8.880
     9.330     5.786    -8.978
     9.340     5.695    -9.076
     9.350     5.604    -9.174
     9.360     5.511    -9.273
     9.370     5.417    -9.371
     9.380     5.323    -9.469
     9.390     5.227    -9.567
     9.400     5.130    -9.665
     9.410     5.033    -9.763
     9.420     4.934    -9.861
     9.430     4.834    -9.959
     9.440     4.734   -10.057
     9.450     4.632   -10.155
     9.460     4.530   -10.254
     9.470     4.426   -10.352
     9.480     4.322   -10.450
     9.490     4.216   -10.548
     9.500     4.110   -10.646
     9.510     4.002   -10.744
     9.520     3.894   -10.842
     9.530     3.784   -10.940
     9.540     3.674   -11.038
     9.550     3.563   -11.136
     9.560     3.450   -11.235
     9.570     3.337   -11.333
     9.580     3.223   -11.431
     9.590     3.107   -11.529
     9.600     2.991   -11.627
     9.610     2.874   -11.725
     9.620     2.756   -11.823
     9.630     2.636   -11.921
     9.640     2.516   -12.019
     9.650     2.395   -12.117
     9.660     2.273   -12.216
     9.670     2.150   -12.314
     9.680     2.026   -12.412
     9.690     1.901   -12.510
     9.700     1.775   -12.608
     9.710     1.647   -12.706
     9.720     1.519   -12.804
     9.730     1.390   -12.902
     9.740     1.260   -13.000
     9.750     1.129   -13.098
     9.760     0.997   -13.197
     9.770     0.865   -13.269
     9.780     0.745   -12.015
     9.790     0.649    -9.559
     9.800     0.588    -6.148
     9.810     0.566    -2.121
     9.820     0.588     2.117
     9.830     0.649     6.144
     9.840     0.745     9.556
     9.850     0.865    12.013
     9.860     0.997    13.269
     9.870     1.129    13.197
     9.880     1.260    13.099
     9.890     1.390    13.001
     9.900     1.519    12.903
     9.910     1.647    12.805
     9.920     1.774    12.707
     9.930     1.901    12.609
     9.940     2.026    12.511
     9.950     2.150    12.412
     9.960     2.273    12.314
     9.970     2.395    12.216
     9.980     2.516    12.118
     9.990     2.636    12.020
    10.000     2.756    11.922
    10.010     2.874    11.824
    10.020     2.991    11.726
    10.030     3.107    11.628
    10.040     3.223    11.530
    10.050     3.337    11.431
    10.060     3.450    11.333
    10.070     3.563    11.235
    10.080     3.674    11.137
    10.090     3.785    11.039
    10.100     3.894    10.941
    10.110     4.002    10.843
    10.120     4.110    10.745
    10.130     4.216    10.647
    10.140     4.322    10.549
    10.150     4.426    10.450
    10.160     4.530    10.352
    10.170     4.632    10.254
    10.180     4.734    10.156
    10.190     4.834    10.058
    10.200     4.934     9.960
    10.210     5.033     9.862
    10.220     5.130     9.764
    10.230     5.227     9.666
    10.240     5.323     9.568
    10.250     5.417     9.470
    10.260     5.511     9.371
    10.270     5.604     9.273
    10.280     5.696     9.175
    10.290     5.786     9.077
    10.300     5.876     8.979
    10.310     5.965     8.881
    10.320     6.053     8.783
    10.330     6.140     8.685
    10.340     6.225     8.587
    10.350     6.310     8.489
    10.360     6.394     8.390
    10.370     6.477     8.292
    10.380     6.559     8.194
    10.390     6.640     8.096
    10.400     6.720     7.998
    10.410     6.799     7.900
    10.420     6.877     7.802
    10.430     6.954     7.704
    10.440     7.030     7.606
    10.450     7.105     7.508
    10.460     7.179     7.409
    10.470     7.252     7.311
    10.480     7.325     7.213
    10.490     7.396     7.115
    10.500     7.466     7.017
    10.510     7.535     6.919
    10.520     7.603     6.821
    10.530     7.671     6.723
    10.540     7.737     6.625
    10.550     7.802     6.527
    10.560     7.866     6.428
    10.570     7.930     6.330
    10.580     7.992     6.232
    10.590     8.053     6.134
    10.600     8.114     6.036
    10.610     8.173     5.938
    10.620     8.231     5.840
    10.630     8.289     5.742
    10.640     8.345     5.644
    10.650     8.401     5.545
    10.660     8.455     5.447
    10.670     8.509     5.349
    10.680     8.561     5.251
    10.690     8.613     5.153
    10.700     8.663     5.055
    10.710     8.713     4.957
    10.720     8.761     4.859
    10.730     8.809     4.761
    10.740     8.856     4.663
    10.750     8.901     4.564
    10.760     8.946     4.466
    10.770     8.990     4.368
    10.780     9.032     4.270
    10.790     9.074     4.172
    10.800     9.115     4.074
    10.810     9.155     3.976
    10.820     9.193     3.878
    10.830     9.231     3.780
    10.840     9.268     3.682
    10.850     9.304     3.583
    10.860     9.339     3.485
    10.870     9.373     3.387
    10.880     9.405     3.289
    10.890     9.437     3.191
    10.900     9.468     3.093
    10.910     9.498     2.995
    10.920     9.527     2.897
    10.930     9.555     2.799
    10.940     9.582     2.701
    10.950     9.608     2.602
    10.960     9.633     2.504
    10.970     9.657     2.406
    10.980     9.680     2.308
    10.990     9.703     2.210
    11.000     9.724     2.112
    11.010     9.744     2.014
    11.020     9.763     1.916
    11.030     9.781     1.818
    11.040     9.798     1.720
    11.050     9.815     1.621
    11.060     9.830     1.523
    11.070     9.844     1.425
    11.080     9.857     1.327
    11.090     9.870     1.229
    11.100     9.881     1.131
    11.110     9.891     1.033
    11.120     9.901     0.935
    11.130     9.909     0.837
    11.140     9.916     0.739
    11.150     9.923     0.640
    11.160     9.928     0.542
    11.170     9.933     0.444
    11.180     9.936     0.346
    11.190     9.939     0.248
    11.200     9.940     0.150
    11.210     9.941     0.052
    11.220     9.940    -0.046
    11.230     9.939    -0.144
    11.240     9.936    -0.242
    11.250     9.933    -0.341
    11.260     9.928    -0.439
    11.270     9.923    -0.537
    11.280     9.917    -0.635
    11.290     9.909    -0.733
    11.300     9.901    -0.831
    11.310     9.892    -0.929
    11.320     9.882    -1.027
    11.330     9.870    -1.125
    11.340     9.858    -1.223
    11.350     9.845    -1.322
    11.360     9.831    -1.420
    11.370     9.815    -1.518
    11.380     9.799    -1.616
    11.390     9.782    -1.714
    11.400     9.764    -1.812
    11.410     9.745    -1.910
    11.420     9.725    -2.008
    11.430     9.704    -2.106
    11.440     9.682    -2.204
    11.450     9.659    -2.303
    11.460     9.635    -2.401
    11.470     9.610    -2.499
    11.480     9.584    -2.597
    11.490     9.557    -2.695
    11.500     9.529    -2.793
    11.510     9.500    -2.891
    11.520     9.470    -2.989
    11.530     9.439    -3.087
    11.540     9.407    -3.185
    11.550     9.374    -3.284
    11.560     9.341    -3.382
    11.570     9.306    -3.480
    11.580     9.270    -3.578
    11.590     9.233    -3.676
    11.600     9.196    -3.774
    11.610     9.157    -3.872
    11.620     9.117    -3.970
    11.630     9.076    -4.068
    11.640     9.035    -4.166
    11.650     8.992    -4.265
    11.660     8.949    -4.363
    11.670     8.904    -4.461
    11.680     8.858    -4.559
    11.690     8.812    -4.657
    11.700     8.764    -4.755
    11.710     8.716    -4.853
    11.720     8.666    -4.951
    11.730     8.616    -5.049
    11.740     8.564    -5.147
    11.750     8.512    -5.246
    11.760     8.458    -5.344
    11.770     8.404    -5.442
    11.780     8.349    -5.540
    11.790     8.292    -5.638
    11.800     8.235    -5.736
    11.810     8.176    -5.834
    11.820     8.117    -5.932
    11.830     8.057    -6.030
    11.840     7.996    -6.128
    11.850     7.933    -6.227
    11.860     7.870    -6.325
    11.870     7.806    -6.423
    11.880     7.741    -6.521
    11.890     7.674    -6.619
    11.900     7.607    -6.717
    11.910     7.539    -6.815
    11.920     7.470    -6.913
    11.930     7.400    -7.011
    11.940     7.329    -7.109
    11.950     7.257    -7.208
    11.960     7.184    -7.306
    11.970     7.110    -7.404
    11.980     7.035    -7.502
    11.990     6.959    -7.600
    12.000     6.882    -7.698
    12.010     6.804    -7.796
    12.020     6.725    -7.894
    12.030     6.645    -7.992
    12.040     6.564    -8.090
    12.050     6.482    -8.189
    12.060     6.399    -8.287
    12.070     6.315    -8.385
    12.080     6.230    -8.483
    12.090     6.145    -8.581
    12.100     6.058    -8.679
    12.110     5.970    -8.777
    12.120     5.881    -8.875
    12.130     5.792    -8.973
    12.140     5.701    -9.071
    12.150     5.609    -9.170
    12.160     5.516    -9.268
    12.170     5.423    -9.366
    12.180     5.328    -9.464
    12.190     5.233    -9.562
    12.200     5.136    -9.660
    12.210     5.038    -9.758
    12.220     4.940    -9.856
    12.230     4.840    -9.954
    12.240     4.740   -10.052
    12.250     4.638   -10.151
    12.260     4.536   -10.249
    12.270     4.432   -10.347
    12.280     4.328   -10.445
    12.290     4.222   -10.543
    12.300     4.116   -10.641
    12.310     4.009   -10.739
    12.320     3.900   -10.837
    12.330     3.791   -10.935
    12.340     3.681   -11.033
    12.350     3.569   -11.131
    12.360     3.457   -11.230
    12.370     3.344   -11.328
    12.380     3.229   -11.426
    12.390     3.114   -11.524
    12.400     2.998   -11.622
    12.410     2.881   -11.720
    12.420     2.763   -11.818
    12.430     2.643   -11.916
    12.440     2.523   -12.014
    12.450     2.402   -12.112
    12.460     2.280   -12.211
    12.470     2.157   -12.309
    12.480     2.033   -12.407
    12.490     1.908   -12.505
    12.500     1.782   -12.603
    12.510     1.655   -12.701
    12.520     1.527   -12.799
    12.530     1.398   -12.897
    12.540     1.268   -12.995
    12.550     1.137   -13.093
    12.560     1.005   -13.192
    12.570     0.872   -13.290
    12.580     0.751   -12.109
    12.590     0.654    -9.717
    12.600     0.590    -6.354
    12.610     0.567    -2.355
    12.620     0.586     1.879
    12.630     0.645     5.925
    12.640     0.739     9.379
    12.650     0.858    11.895
    12.660     0.990    13.221
    12.670     1.122    13.226
    12.680     1.253    13.128
    12.690     1.384    13.030
    12.700     1.513    12.931
    12.710     1.641    12.833
    12.720     1.769    12.735
    12.730     1.895    12.637
    12.740     2.020    12.539
    12.750     2.145    12.441
    12.760     2.268    12.343
    12.770     2.391    12.245
    12.780     2.512    12.147
    12.790     2.633    12.049
    12.800     2.752    11.950
    12.810     2.871    11.852
    12.820     2.988    11.754
    12.830     3.105    11.656
    12.840     3.220    11.558
    12.850     3.335    11.460
    12.860     3.449    11.362
    12.870     3.561    11.264
    12.880     3.673    11.166
    12.890     3.783    11.068
    12.900     3.893    10.969
    12.910     4.002    10.871
    12.920     4.110    10.773
    12.930     4.216    10.675
    12.940     4.322    10.577
    12.950     4.427    10.479
    12.960     4.531    10.381
    12.970     4.634    10.283
    12.980     4.735    10.185
    12.990     4.836    10.087
    13.000     4.936     9.989
    13.010     5.035     9.890
    13.020     5.133     9.792
    13.030     5.230     9.694
    13.040     5.326     9.596
    13.050     5.421     9.498
    13.060     5.515     9.400
    13.070     5.608     9.302
    13.080     5.700     9.204
    13.090     5.791     9.106
    13.100     5.881     9.008
    13.110     5.970     8.909
    13.120     6.058     8.811
    13.130     6.145     8.713
    13.140     6.232     8.615
    13.150     6.317     8.517
    13.160     6.401     8.419
    13.170     6.484     8.321
    13.180     6.566     8.223
    13.190     6.648     8.125
    13.200     6.728     8.027
    13.210     6.807     7.928
    13.220     6.885     7.830
    13.230     6.963     7.732
    13.240     7.039     7.634
    13.250     7.114     7.536
    13.260     7.189     7.438
    13.270     7.262     7.340
    13.280     7.335     7.242
    13.290     7.406     7.144
    13.300     7.477     7.046
    13.310     7.546     6.947
    13.320     7.615     6.849
    13.330     7.682     6.751
    13.340     7.749     6.653
    13.350     7.814     6.555
    13.360     7.879     6.457
    13.370     7.942     6.359
    13.380     8.005     6.261
    13.390     8.067     6.163
    13.400     8.127     6.065
    13.410     8.187     5.966
    13.420     8.246     5.868
    13.430     8.303     5.770
    13.440     8.360     5.672
    13.450     8.416     5.574
    13.460     8.470     5.476
    13.470     8.524     5.378
    13.480     8.577     5.280
    13.490     8.629     5.182
    13.500     8.680     5.084
    13.510     8.730     4.985
    13.520     8.778     4.887
    13.530     8.826     4.789
    13.540     8.873     4.691
    13.550     8.919     4.593
    13.560     8.964     4.495
    13.570     9.008     4.397
    13.580     9.051     4.299
    13.590     9.093     4.201
    13.600     9.134     4.102
    13.610     9.174     4.004
    13.620     9.213     3.906
    13.630     9.251     3.808
    13.640     9.288     3.710
    13.650     9.324     3.612
    13.660     9.360     3.514
    13.670     9.394     3.416
    13.680     9.427     3.318
    13.690     9.459     3.220
    13.700     9.490     3.122
    13.710     9.521     3.023
    13.720     9.550     2.925
    13.730     9.578     2.827
    13.740     9.605     2.729
    13.750     9.632     2.631
    13.760     9.657     2.533
    13.770     9.681     2.435
    13.780     9.705     2.337
    13.790     9.727     2.239
    13.800     9.749     2.141
    13.810     9.769     2.042
    13.820     9.788     1.944
    13.830     9.807     1.846
    13.840     9.824     1.748
    13.850     9.841     1.650
    13.860     9.856     1.552
    13.870     9.871     1.454
    13.880     9.884     1.356
    13.890     9.897     1.258
    13.900     9.909     1.160
    13.910     9.919     1.061
    13.920     9.929     0.963
    13.930     9.938     0.865
    13.940     9.945     0.767
    13.950     9.952     0.669
    13.960     9.958     0.571
    13.970     9.962     0.473
    13.980     9.966     0.375
    13.990     9.969     0.277
    14.000     9.971     0.179
    14.010     9.971     0.080
    14.020     9.971    -0.018
    14.030     9.970    -0.116
    14.040     9.968    -0.214
    14.050     9.965    -0.312
    14.060     9.961    -0.410
    14.070     9.956    -0.508
    14.080     9.950    -0.606
    14.090     9.943    -0.704
    14.100     9.935    -0.802
    14.110     9.926    -0.901
    14.120     9.916    -0.999
    14.130     9.905    -1.097
    14.140     9.893    -1.195
    14.150     9.880    -1.293
    14.160     9.866    -1.391
    14.170     9.851    -1.489
    14.180     9.835    -1.587
    14.190     9.818    -1.685
    14.200     9.800    -1.783
    14.210     9.782    -1.882
    14.220     9.762    -1.980
    14.230     9.741    -2.078
    14.240     9.719    -2.176
    14.250     9.696    -2.274
    14.260     9.673    -2.372
    14.270     9.648    -2.470
    14.280     9.622    -2.568
    14.290     9.596    -2.666
    14.300     9.568    -2.764
    14.310     9.539    -2.863
    14.320     9.510    -2.961
    14.330     9.479    -3.059
    14.340     9.448    -3.157
    14.350     9.415    -3.255
    14.360     9.382    -3.353
    14.370     9.347    -3.451
    14.380     9.312    -3.549
    14.390     9.275    -3.647
    14.400     9.238    -3.745
    14.410     9.199    -3.844
    14.420     9.160    -3.942
    14.430     9.119    -4.040
    14.440     9.078    -4.138
    14.450     9.036    -4.236
    14.460     8.992    -4.334
    14.470     8.948    -4.432
    14.480     8.903    -4.530
    14.490     8.856    -4.628
    14.500     8.809    -4.726
    14.510     8.761    -4.825
    14.520     8.712    -4.923
    14.530     8.661    -5.021
    14.540     8.610    -5.119
    14.550     8.558    -5.217
    14.560     8.505    -5.315
    14.570     8.451    -5.413
    14.580     8.396    -5.511
    14.590     8.340    -5.609
    14.600     8.283    -5.708
    14.610     8.224    -5.806
    14.620     8.165    -5.904
    14.630     8.105    -6.002
    14.640     8.044    -6.100
    14.650     7.982    -6.198
    14.660     7.919    -6.296
    14.670     7.856    -6.394
    14.680     7.791    -6.492
    14.690     7.725    -6.590
    14.700     7.658    -6.689
    14.710     7.590    -6.787
    14.720     7.521    -6.885
    14.730     7.451    -6.983
    14.740     7.380    -7.081
    14.750     7.309    -7.179
    14.760     7.236    -7.277
    14.770     7.162    -7.375
    14.780     7.087    -7.473
    14.790     7.012    -7.571
    14.800     6.935    -7.670
    14.810     6.857    -7.768
    14.820     6.779    -7.866
    14.830     6.699    -7.964
    14.840     6.618    -8.062
    14.850     6.537    -8.160
    14.860     6.454    -8.258
    14.870     6.371    -8.356
    14.880     6.286    -8.454
    14.890     6.201    -8.552
    14.900     6.114    -8.651
    14.910     6.027    -8.749
    14.920     5.938    -8.847
    14.930     5.849    -8.945
    14.940     5.758    -9.043
    14.950     5.667    -9.141
    14.960     5.574    -9.239
    14.970     5.481    -9.337
    14.980     5.387    -9.435
    14.990     5.291    -9.533
    15.000     5.195    -9.632
    15.010     5.098    -9.730
    15.020     5.000    -9.828
    15.030     4.900    -9.926
    15.040     4.800   -10.024
    15.050     4.699   -10.122
    15.060     4.597   -10.220
    15.070     4.493   -10.318
    15.080     4.389   -10.416
    15.090     4.284   -10.514
    15.100     4.178   -10.612
    15.110     4.071   -10.711
    15.120     3.963   -10.809
    15.130     3.854   -10.907
    15.140     3.744   -11.005
    15.150     3.633   -11.103
    15.160     3.521   -11.201
    15.170     3.408   -11.299
    15.180     3.294   -11.397
    15.190     3.179   -11.495
    15.200     3.063   -11.593
    15.210     2.946   -11.692
    15.220     2.828   -11.790
    15.230     2.709   -11.888
    15.240     2.589   -11.986
    15.250     2.468   -12.084
    15.260     2.347   -12.182
    15.270     2.224   -12.280
    15.280     2.100   -12.378
    15.290     1.975   -12.476
    15.300     1.849   -12.574
    15.310     1.723   -12.673
    15.320     1.595   -12.771
    15.330     1.466   -12.869
    15.340     1.337   -12.967
    15.350     1.206   -13.065
    15.360     1.074   -13.163
    15.370     0.942   -13.261
    15.380     0.814   -12.777
    15.390     0.704   -11.016
    15.400     0.622    -8.152
    15.410     0.578    -4.474
    15.420     0.574    -0.348
    15.430     0.612     3.813
    15.440     0.688     7.592
    15.450     0.794    10.612
    15.460     0.920    12.571
    15.470     1.053    13.273
    15.480     1.184    13.175
    15.490     1.315    13.077
    15.500     1.445    12.979
    15.510     1.574    12.881
    15.520     1.702    12.783
    15.530     1.829    12.684
    15.540     1.954    12.586
    15.550     2.079    12.488
    15.560     2.203    12.390
    15.570     2.326    12.292
    15.580     2.448    12.194
    15.590     2.569    12.096
    15.600     2.689    11.998
    15.610     2.808    11.900
    15.620     2.926    11.802
    15.630     3.043    11.703
    15.640     3.159    11.605
    15.650     3.274    11.507
    15.660     3.388    11.409
    15.670     3.501    11.311
    15.680     3.613    11.213
    15.690     3.725    11.115
    15.700     3.835    11.017
    15.710     3.944    10.919
    15.720     4.052    10.821
    15.730     4.159    10.722
    15.740     4.266    10.624
    15.750     4.371    10.526
    15.760     4.475    10.428
    15.770     4.578    10.330
    15.780     4.681    10.232
    15.790     4.782    10.134
    15.800     4.882    10.036
    15.810     4.982     9.938
    15.820     5.080     9.840
    15.830     5.178     9.741
    15.840     5.274     9.643
    15.850     5.370     9.545
    15.860     5.464     9.447
    15.870     5.558     9.349
    15.880     5.650     9.251
    15.890     5.742     9.153
    15.900     5.832     9.055
    15.910     5.922     8.957
    15.920     6.010     8.859
    15.930     6.098     8.760
    15.940     6.184     8.662
    15.950     6.270     8.564
    15.960     6.355     8.466
    15.970     6.438     8.368
    15.980     6.521     8.270
    15.990     6.603     8.172
    16.000     6.684     8.074
    16.010     6.763     7.976
    16.020     6.842     7.878
    16.030     6.920     7.779
    16.040     6.997     7.681
    16.050     7.073     7.583
    16.060     7.147     7.485
    16.070     7.221     7.387
    16.080     7.294     7.289
    16.090     7.366     7.191
    16.100     7.437     7.093
    16.110     7.507     6.995
    16.120     7.576     6.897
    16.130     7.644     6.798
    16.140     7.711     6.700
    16.150     7.777     6.602
    16.160     7.842     6.504
    16.170     7.906     6.406
    16.180     7.969     6.308
    16.190     8.031     6.210
    16.200     8.092     6.112
    16.210     8.153     6.014
    16.220     8.212     5.916
    16.230     8.270     5.817
    16.240     8.327     5.719
    16.250     8.383     5.621
    16.260     8.438     5.523
    16.270     8.493     5.425
    16.280     8.546     5.327
    16.290     8.598     5.229
    16.300     8.650     5.131
    16.310     8.700     5.033
    16.320     8.749     4.935
    16.330     8.798     4.836
    16.340     8.845     4.738
    16.350     8.891     4.640
    16.360     8.937     4.542
    16.370     8.981     4.444
    16.380     9.025     4.346
    16.390     9.067     4.248
    16.400     9.109     4.150
    16.410     9.149     4.052
    16.420     9.189     3.954
    16.430     9.227     3.855
    16.440     9.265     3.757
    16.450     9.301     3.659
    16.460     9.337     3.561
    16.470     9.372     3.463
    16.480     9.405     3.365
    16.490     9.438     3.267
    16.500     9.470     3.169
    16.510     9.500     3.071
    16.520     9.530     2.973
    16.530     9.559     2.874
    16.540     9.587     2.776
    16.550     9.613     2.678
    16.560     9.639     2.580
    16.570     9.664     2.482
    16.580     9.688     2.384
    16.590     9.711     2.286
    16.600     9.733     2.188
    16.610     9.754     2.090
    16.620     9.773     1.992
    16.630     9.792     1.893
    16.640     9.810     1.795
    16.650     9.827     1.697
    16.660     9.843     1.599
    16.670     9.858     1.501
    16.680     9.872     1.403
    16.690     9.885     1.305
    16.700     9.897     1.207
    16.710     9.909     1.109
    16.720     9.919     1.011
    16.730     9.928     0.912
    16.740     9.936     0.814
    16.750     9.943     0.716
    16.760     9.949     0.618
    16.770     9.954     0.520
    16.780     9.959     0.422
    16.790     9.962     0.324
    16.800     9.964     0.226
    16.810     9.965     0.128
    16.820     9.966     0.030
    16.830     9.965    -0.069
    16.840     9.963    -0.167
    16.850     9.961    -0.265
    16.860     9.957    -0.363
    16.870     9.953    -0.461
    16.880     9.947    -0.559
    16.890     9.940    -0.657
    16.900     9.933    -0.755
    16.910     9.924    -0.853
    16.920     9.915    -0.951
    16.930     9.904    -1.050
    16.940     9.893    -1.148
    16.950     9.880    -1.246
    16.960     9.867    -1.344
    16.970     9.852    -1.442
    16.980     9.837    -1.540
    16.990     9.821    -1.638
    17.000     9.803    -1.736
    17.010     9.785    -1.834
    17.020     9.766    -1.932
    17.030     9.745    -2.031
    17.040     9.724    -2.129
    17.050     9.702    -2.227
    17.060     9.679    -2.325
    17.070     9.654    -2.423
    17.080     9.629    -2.521
    17.090     9.603    -2.619
    17.100     9.576    -2.717
    17.110     9.548    -2.815
    17.120     9.518    -2.913
    17.130     9.488    -3.012
    17.140     9.457    -3.110
    17.150     9.425    -3.208
    17.160     9.392    -3.306
    17.170     9.358    -3.404
    17.180     9.323    -3.502
    17.190     9.287    -3.600
    17.200     9.250    -3.698
    17.210     9.212    -3.796
    17.220     9.173    -3.894
    17.230     9.133    -3.993
    17.240     9.092    -4.091
    17.250     9.050    -4.189
    17.260     9.008    -4.287
    17.270     8.964    -4.385
    17.280     8.919    -4.483
    17.290     8.873    -4.581
    17.300     8.826    -4.679
    17.310     8.779    -4.777
    17.320     8.730    -4.875
    17.330     8.680    -4.974
    17.340     8.629    -5.072
    17.350     8.578    -5.170
    17.360     8.525    -5.268
    17.370     8.471    -5.366
    17.380     8.417    -5.464
    17.390     8.361    -5.562
    17.400     8.304    -5.660
    17.410     8.247    -5.758
    17.420     8.188    -5.856
    17.430     8.129    -5.955
    17.440     8.068    -6.053
    17.450     8.007    -6.151
    17.460     7.944    -6.249
    17.470     7.881    -6.347
    17.480     7.816    -6.445
    17.490     7.751    -6.543
    17.500     7.684    -6.641
    17.510     7.617    -6.739
    17.520     7.549    -6.837
    17.530     7.479    -6.936
    17.540     7.409    -7.034
    17.550     7.338    -7.132
    17.560     7.265    -7.230
    17.570     7.192    -7.328
    17.580     7.118    -7.426
    17.590     7.043    -7.524
    17.600     6.966    -7.622
    17.610     6.889    -7.720
    17.620     6.811    -7.818
    17.630     6.732    -7.917
    17.640     6.652    -8.015
    17.650     6.571    -8.113
    17.660     6.488    -8.211
    17.670     6.405    -8.309
    17.680     6.321    -8.407
    17.690     6.236    -8.505
    17.700     6.150    -8.603
    17.710     6.063    -8.701
    17.720     5.975    -8.799
    17.730     5.886    -8.898
    17.740     5.796    -8.996
    17.750     5.705    -9.094
    17.760     5.613    -9.192
    17.770     5.520    -9.290
    17.780     5.427    -9.388
    17.790     5.332    -9.486
    17.800     5.236    -9.584
    17.810     5.139    -9.682
    17.820     5.041    -9.780
    17.830     4.942    -9.879
    17.840     4.843    -9.977
    17.850     4.742   -10.075
    17.860     4.640   -10.173
    17.870     4.537   -10.271
    17.880     4.434   -10.369
    17.890     4.329   -10.467
    17.900     4.223   -10.565
    17.910     4.117   -10.663
    17.920     4.009   -10.761
    17.930     3.901   -10.860
    17.940     3.791   -10.958
    17.950     3.681   -11.056
    17.960     3.569   -11.154
    17.970     3.456   -11.252
    17.980     3.343   -11.350
    17.990     3.228   -11.448
    18.000     3.113   -11.546
    18.010     2.997   -11.644
    18.020     2.879   -11.742
    18.030     2.761   -11.841
    18.040     2.641   -11.939
    18.050     2.521   -12.037
    18.060     2.400   -12.135
    18.070     2.277   -12.233
    18.080     2.154   -12.331
    18.090     2.030   -12.429
    18.100     1.904   -12.527
    18.110     1.778   -12.625
    18.120     1.651   -12.723
    18.130     1.523   -12.822
    18.140     1.394   -12.920
    18.150     1.263   -13.018
    18.160     1.132   -13.116
    18.170     1.000   -13.214
    18.180     0.867   -13.312
    18.190     0.746   -12.079
    18.200     0.650    -9.639
    18.210     0.587    -6.234
    18.220     0.565    -2.206
    18.230     0.586     2.042
    18.240     0.647     6.086
    18.250     0.742     9.522
    18.260     0.862    12.006
    18.270     0.995    13.289
    18.280     1.127    13.243
    18.290     1.259    13.145
    18.300     1.389    13.046
    18.310     1.519    12.948
    18.320     1.647    12.850
    18.330     1.775    12.752
    18.340     1.901    12.654
    18.350     2.027    12.556
    18.360     2.151    12.458
    18.370     2.275    12.360
    18.380     2.398    12.262
    18.390     2.519    12.164
    18.400     2.640    12.065
    18.410     2.759    11.967
    18.420     2.878    11.869
    18.430     2.996    11.771
    18.440     3.113    11.673
    18.450     3.228    11.575
    18.460     3.343    11.477
    18.470     3.457    11.379
    18.480     3.570    11.281
    18.490     3.682    11.183
    18.500     3.792    11.084
    18.510     3.902    10.986
    18.520     4.011    10.888
    18.530     4.119    10.790
    18.540     4.226    10.692
    18.550     4.332    10.594
    18.560     4.437    10.496
    18.570     4.541    10.398
    18.580     4.644    10.300
    18.590     4.746    10.202
    18.600     4.847    10.103
    18.610     4.947    10.005
    18.620     5.046     9.907
    18.630     5.144     9.809
    18.640     5.241     9.711
    18.650     5.337     9.613
    18.660     5.432     9.515
    18.670     5.527     9.417
    18.680     5.620     9.319
    18.690     5.712     9.221
    18.700     5.803     9.122
    18.710     5.894     9.024
    18.720     5.983     8.926
    18.730     6.071     8.828
    18.740     6.158     8.730
    18.750     6.245     8.632
    18.760     6.330     8.534
    18.770     6.414     8.436
    18.780     6.498     8.338
    18.790     6.580     8.240
    18.800     6.662     8.141
    18.810     6.742     8.043
    18.820     6.821     7.945
    18.830     6.900     7.847
    18.840     6.977     7.749
    18.850     7.054     7.651
    18.860     7.129     7.553
    18.870     7.204     7.455
    18.880     7.278     7.357
    18.890     7.350     7.259
    18.900     7.422     7.160
    18.910     7.492     7.062
    18.920     7.562     6.964
    18.930     7.631     6.866
    18.940     7.698     6.768
    18.950     7.765     6.670
    18.960     7.831     6.572
    18.970     7.895     6.474
    18.980     7.959     6.376
    18.990     8.022     6.278
    19.000     8.084     6.179
    19.010     8.145     6.081
    19.020     8.204     5.983
    19.030     8.263     5.885
    19.040     8.321     5.787
    19.050     8.378     5.689
    19.060     8.434     5.591
    19.070     8.489     5.493
    19.080     8.543     5.395
    19.090     8.596     5.297
    19.100     8.648     5.198
    19.110     8.699     5.100
    19.120     8.749     5.002
    19.130     8.798     4.904
    19.140     8.846     4.806
    19.150     8.893     4.708
    19.160     8.939     4.610
    19.170     8.984     4.512
    19.180     9.028     4.414
    19.190     9.072     4.316
    19.200     9.114     4.217
    19.210     9.155     4.119
    19.220     9.195     4.021
    19.230     9.234     3.923
    19.240     9.273     3.825
    19.250     9.310     3.727
    19.260     9.346     3.629
    19.270     9.381     3.531
    19.280     9.416     3.433
    19.290     9.449     3.335
    19.300     9.481     3.236
    19.310     9.513     3.138
    19.320     9.543     3.040
    19.330     9.573     2.942
    19.340     9.601     2.844
    19.350     9.629     2.746
    19.360     9.655     2.648
    19.370     9.681     2.550
    19.380     9.705     2.452
    19.390     9.729     2.354
    19.400     9.751     2.255
    19.410     9.773     2.157
    19.420     9.793     2.059
    19.430     9.813     1.961
    19.440     9.832     1.863
    19.450     9.849     1.765
    19.460     9.866     1.667
    19.470     9.882     1.569
    19.480     9.896     1.471
    19.490     9.910     1.373
    19.500     9.923     1.274
    19.510     9.935     1.176
    19.520     9.945     1.078
    19.530     9.955     0.980
    19.540     9.964     0.882
    19.550     9.972     0.784
    19.560     9.979     0.686
    19.570     9.984     0.588
    19.580     9.989     0.490
    19.590     9.993     0.392
    19.600     9.996     0.293
    19.610     9.998     0.195
    19.620     9.999     0.097
    19.630     9.999    -0.001
    19.640     9.998    -0.099
    19.650     9.996    -0.197
    19.660     9.993    -0.295
    19.670     9.989    -0.393
    19.680     9.984    -0.491
    19.690     9.979    -0.589
    19.700     9.972    -0.688
    19.710     9.964    -0.786
    19.720     9.955    -0.884
    19.730     9.945    -0.982
    19.740     9.934    -1.080
    19.750     9.923    -1.178
    19.760     9.910    -1.276
    19.770     9.896    -1.374
    19.780     9.881    -1.472
    19.790     9.866    -1.570
    19.800     9.849    -1.669
    19.810     9.831    -1.767
    19.820     9.813    -1.865
    19.830     9.793    -1.963
    19.840     9.772    -2.061
    19.850     9.751    -2.159
    19.860     9.728    -2.257
    19.870     9.705    -2.355
    19.880     9.680    -2.453
    19.890     9.655    -2.551
    19.900     9.628    -2.650
    19.910     9.601    -2.748
    19.920     9.572    -2.846
    19.930     9.543    -2.944
    19.940     9.512    -3.042
    19.950     9.481    -3.140
    19.960     9.449    -3.238
    19.970     9.415    -3.336
    19.980     9.381    -3.434
    19.990     9.345    -3.532
    20.000     9.309    -3.631
    20.010     9.272    -3.729
    20.020     9.234    -3.827
    20.030     9.194    -3.925
    20.040     9.154    -4.023
    20.050     9.113    -4.121
    20.060     9.071    -4.219
    20.070     9.028    -4.317
    20.080     8.983    -4.415
    20.090     8.938    -4.513
    20.100     8.892    -4.612
    20.110     8.845    -4.710
    20.120     8.797    -4.808
    20.130     8.748    -4.906
    20.140     8.698    -5.004
    20.150     8.647    -5.102
    20.160     8.595    -5.200
    20.170     8.542    -5.298
    20.180     8.488    -5.396
    20.190     8.433    -5.494
    20.200     8.377    -5.593
    20.210     8.320    -5.691
    20.220     8.262    -5.789
    20.230     8.203    -5.887
    20.240     8.144    -5.985
    20.250     8.083    -6.083
    20.260     8.021    -6.181
    20.270     7.958    -6.279
    20.280     7.894    -6.377
    20.290     7.830    -6.475
    20.300     7.764    -6.574
    20.310     7.697    -6.672
    20.320     7.629    -6.770
    20.330     7.561    -6.868
    20.340     7.491    -6.966
    20.350     7.420    -7.064
    20.360     7.349    -7.162
    20.370     7.276    -7.260
    20.380     7.203    -7.358
    20.390     7.128    -7.456
    20.400     7.053    -7.555
    20.410     6.976    -7.653
    20.420     6.898    -7.751
    20.430     6.820    -7.849
    20.440     6.741    -7.947
    20.450     6.660    -8.045
    20.460     6.579    -8.143
    20.470     6.496    -8.241
    20.480     6.413    -8.339
    20.490     6.328    -8.437
    20.500     6.243    -8.536
    20.510     6.157    -8.634
    20.520     6.069    -8.732
    20.530     5.981    -8.830
    20.540     5.892    -8.928
    20.550     5.802    -9.026
    20.560     5.710    -9.124
    20.570     5.618    -9.222
    20.580     5.525    -9.320
    20.590     5.431    -9.418
    20.600     5.336    -9.517
    20.610     5.239    -9.615
    20.620     5.142    -9.713
    20.630     5.044    -9.811
    20.640     4.945    -9.909
    20.650     4.845   -10.007
    20.660     4.744   -10.105
    20.670     4.642   -10.203
    20.680     4.539   -10.301
    20.690     4.435   -10.399
    20.700     4.330   -10.498
    20.710     4.224   -10.596
    20.720     4.117   -10.694
    20.730     4.009   -10.792
    20.740     3.900   -10.890
    20.750     3.790   -10.988
    20.760     3.680   -11.086
    20.770     3.568   -11.184
    20.780     3.455   -11.282
    20.790     3.341   -11.380
    20.800     3.226   -11.479
    20.810     3.111   -11.577
    20.820     2.994   -11.675
    20.830     2.876   -11.773
    20.840     2.757   -11.871
    20.850     2.638   -11.969
    20.860     2.517   -12.067
    20.870     2.395   -12.165
    20.880     2.273   -12.263
    20.890     2.149   -12.361
    20.900     2.024   -12.460
    20.910     1.899   -12.558
    20.920     1.772   -12.656
    20.930     1.645   -12.754
    20.940     1.516   -12.852
    20.950     1.387   -12.950
    20.960     1.256   -13.048
    20.970     1.125   -13.146
    20.980     0.992   -13.244
    20.990     0.860   -13.266
    21.000     0.740   -11.962
    21.010     0.645    -9.461
    21.020     0.585    -6.014
    21.030     0.566    -1.966
    21.040     0.588     2.279
    21.050     0.651     6.296
    21.060     0.748     9.684
    21.070     0.869    12.103
    21.080     1.002    13.311
    21.090     1.135    13.213
    21.100     1.266    13.115
    21.110     1.396    13.017
    21.120     1.525    12.919
    21.130     1.653    12.821
    21.140     1.781    12.723
    21.150     1.907    12.625
    21.160     2.032    12.526
    21.170     2.156    12.428
    21.180     2.280    12.330
    21.190     2.402    12.232
    21.200     2.523    12.134
    21.210     2.644    12.036
    21.220     2.763    11.938
    21.230     2.881    11.840
    21.240     2.999    11.742
    21.250     3.115    11.644
    21.260     3.231    11.545
    21.270     3.345    11.447
    21.280     3.459    11.349
    21.290     3.571    11.251
    21.300     3.683    11.153
    21.310     3.793    11.055
    21.320     3.903    10.957
    21.330     4.011    10.859
    21.340     4.119    10.761
    21.350     4.226    10.663
    21.360     4.331    10.564
    21.370     4.436    10.466
    21.380     4.540    10.368
    21.390     4.642    10.270
    21.400     4.744    10.172
    21.410     4.845    10.074
    21.420     4.945     9.976
    21.430     5.043     9.878
    21.440     5.141     9.780
    21.450     5.238     9.682
    21.460     5.334     9.583
    21.470     5.429     9.485
    21.480     5.523     9.387
    21.490     5.615     9.289
    21.500     5.707     9.191
    21.510     5.798     9.093
    21.520     5.888     8.995
    21.530     5.977     8.897
    21.540     6.065     8.799
    21.550     6.152     8.701
    21.560     6.238     8.602
    21.570     6.323     8.504
    21.580     6.407     8.406
    21.590     6.490     8.308
    21.600     6.572     8.210
    21.610     6.654     8.112
    21.620     6.734     8.014
    21.630     6.813     7.916
    21.640     6.891     7.818
    21.650     6.968     7.720
    21.660     7.044     7.621
    21.670     7.120     7.523
    21.680     7.194     7.425
    21.690     7.267     7.327
    21.700     7.340     7.229
    21.710     7.411     7.131
    21.720     7.481     7.033
    21.730     7.550     6.935
    21.740     7.619     6.837
    21.750     7.686     6.739
    21.760     7.753     6.640
    21.770     7.818     6.542
    21.780     7.883     6.444
    21.790     7.946     6.346
    21.800     8.008     6.248
    21.810     8.070     6.150
    21.820     8.130     6.052
    21.830     8.190     5.954
    21.840     8.249     5.856
    21.850     8.306     5.758
    21.860     8.363     5.659
    21.870     8.418     5.561
    21.880     8.473     5.463
    21.890     8.527     5.365
    21.900     8.579     5.267
    21.910     8.631     5.169
    21.920     8.682     5.071
    21.930     8.731     4.973
    21.940     8.780     4.875
    21.950     8.828     4.777
    21.960     8.875     4.678
    21.970     8.921     4.580
    21.980     8.965     4.482
    21.990     9.009     4.384
    22.000     9.052     4.286
    22.010     9.094     4.188
    22.020     9.135     4.090
    22.030     9.175     3.992
    22.040     9.214     3.894
    22.050     9.252     3.796
    22.060     9.289     3.697
    22.070     9.325     3.599
    22.080     9.360     3.501
    22.090     9.394     3.403
    22.100     9.427     3.305
    22.110     9.459     3.207
    22.120     9.490     3.109
    22.130     9.520     3.011
    22.140     9.549     2.913
    22.150     9.577     2.815
    22.160     9.604     2.716
    22.170     9.631     2.618
    22.180     9.656     2.520
    22.190     9.680     2.422
    22.200     9.703     2.324
    22.210     9.726     2.226
    22.220     9.747     2.128
    22.230     9.767     2.030
    22.240     9.786     1.932
    22.250     9.805     1.834
    22.260     9.822     1.735
    22.270     9.838     1.637
    22.280     9.854     1.539
    22.290     9.868     1.441
    22.300     9.882     1.343
    22.310     9.894     1.245
    22.320     9.906     1.147
    22.330     9.916     1.049
    22.340     9.926     0.951
    22.350     9.934     0.853
    22.360     9.942     0.754
    22.370     9.948     0.656
    22.380     9.954     0.558
    22.390     9.958     0.460
    22.400     9.962     0.362
    22.410     9.965     0.264
    22.420     9.966     0.166
    22.430     9.967     0.068
    22.440     9.967    -0.030
    22.450     9.965    -0.128
    22.460     9.963    -0.227
    22.470     9.960    -0.325
    22.480     9.956    -0.423
    22.490     9.950    -0.521
    22.500     9.944    -0.619
    22.510     9.937    -0.717
    22.520     9.929    -0.815
    22.530     9.920    -0.913
    22.540     9.910    -1.011
    22.550     9.899    -1.109
    22.560     9.887    -1.208
    22.570     9.873    -1.306
    22.580     9.859    -1.404
    22.590     9.844    -1.502
    22.600     9.828    -1.600
    22.610     9.811    -1.698
    22.620     9.793    -1.796
    22.630     9.775    -1.894
    22.640     9.755    -1.992
    22.650     9.734    -2.090
    22.660     9.712    -2.189
    22.670     9.689    -2.287
    22.680     9.665    -2.385
    22.690     9.640    -2.483
    22.700     9.614    -2.581
    22.710     9.588    -2.679
    22.720     9.560    -2.777
    22.730     9.531    -2.875
    22.740     9.501    -2.973
    22.750     9.471    -3.071
    22.760     9.439    -3.170
    22.770     9.406    -3.268
    22.780     9.373    -3.366
    22.790     9.338    -3.464
    22.800     9.302    -3.562
    22.810     9.266    -3.660
    22.820     9.228    -3.758
    22.830     9.190    -3.856
    22.840     9.150    -3.954
    22.850     9.110    -4.052
    22.860     9.068    -4.151
    22.870     9.026    -4.249
    22.880     8.982    -4.347
    22.890     8.938    -4.445
    22.900     8.892    -4.543
    22.910     8.846    -4.641
    22.920     8.798    -4.739
    22.930     8.750    -4.837
    22.940     8.701    -4.935
    22.950     8.650    -5.033
    22.960     8.599    -5.132
    22.970     8.547    -5.230
    22.980     8.494    -5.328
    22.990     8.439    -5.426
    23.000     8.384    -5.524
    23.010     8.328    -5.622
    23.020     8.271    -5.720
    23.030     8.212    -5.818
    23.040     8.153    -5.916
    23.050     8.093    -6.014
    23.060     8.032    -6.113
    23.070     7.970    -6.211
    23.080     7.907    -6.309
    23.090     7.843    -6.407
    23.100     7.778    -6.505
    23.110     7.712    -6.603
    23.120     7.645    -6.701
    23.130     7.577    -6.799
    23.140     7.508    -6.897
    23.150     7.438    -6.995
    23.160     7.367    -7.094
    23.170     7.295    -7.192
    23.180     7.222    -7.290
    23.190     7.148    -7.388
    23.200     7.073    -7.486
    23.210     6.997    -7.584
    23.220     6.921    -7.682
    23.230     6.843    -7.780
    23.240     6.764    -7.878
    23.250     6.684    -7.976
    23.260     6.603    -8.075
    23.270     6.522    -8.173
    23.280     6.439    -8.271
    23.290     6.355    -8.369
    23.300     6.271    -8.467
    23.310     6.185    -8.565
    23.320     6.098    -8.663
    23.330     6.011    -8.761
    23.340     5.922    -8.859
    23.350     5.833    -8.957
    23.360     5.742    -9.056
    23.370     5.651    -9.154
    23.380     5.558    -9.252
    23.390     5.465    -9.350
    23.400     5.370    -9.448
    23.410     5.275    -9.546
    23.420     5.178    -9.644
    23.430     5.081    -9.742
    23.440     4.982    -9.840
    23.450     4.883    -9.938
    23.460     4.783   -10.037
    23.470     4.681   -10.135
    23.480     4.579   -10.233
    23.490     4.476   -10.331
    23.500     4.371   -10.429
    23.510     4.266   -10.527
    23.520     4.160   -10.625
    23.530     4.053   -10.723
    23.540     3.944   -10.821
    23.550     3.835   -10.919
    23.560     3.725   -11.018
    23.570     3.614   -11.116
    23.580     3.502   -11.214
    23.590     3.389   -11.312
    23.600     3.274   -11.410
    23.610     3.159   -11.508
    23.620     3.043   -11.606
    23.630     2.926   -11.704
    23.640     2.808   -11.802
    23.650     2.689   -11.900
    23.660     2.569   -11.999
    23.670     2.448   -12.097
    23.680     2.326   -12.195
    23.690     2.203   -12.293
    23.700     2.079   -12.391
    23.710     1.955   -12.489
    23.720     1.829   -12.587
    23.730     1.702   -12.685
    23.740     1.574   -12.783
    23.750     1.445   -12.881
    23.760     1.315   -12.980
    23.770     1.185   -13.078
    23.780     1.053   -13.176
    23.790     0.920   -13.274
    23.800     0.794   -12.573
    23.810     0.688   -10.616
    23.820     0.612    -7.596
    23.830     0.574    -3.817
    23.840     0.578     0.343
    23.850     0.622     4.470
    23.860     0.704     8.149
    23.870     0.814    11.014
    23.880     0.942    12.777
    23.890     1.074    13.262
    23.900     1.206    13.164
    23.910     1.337    13.066
    23.920     1.466    12.968
    23.930     1.595    12.870
    23.940     1.723    12.772
    23.950     1.849    12.674
    23.960     1.975    12.575
    23.970     2.100    12.477
    23.980     2.224    12.379
    23.990     2.347    12.281
    24.000     2.468    12.183
    24.010     2.589    12.085
    24.020     2.709    11.987
    24.030     2.828    11.889
    24.040     2.946    11.791
    24.050     3.063    11.693
    24.060     3.179    11.594
    24.070     3.294    11.496
    24.080     3.408    11.398
    24.090     3.521    11.300
    24.100     3.633    11.202
    24.110     3.744    11.104
    24.120     3.854    11.006
    24.130     3.963    10.908
    24.140     4.071    10.810
    24.150     4.178    10.712
    24.160     4.284    10.613
    24.170     4.389    10.515
    24.180     4.494    10.417
    24.190     4.597    10.319
    24.200     4.699    10.221
    24.210     4.800    10.123
    24.220     4.900    10.025
    24.230     5.000     9.927
    24.240     5.098     9.829
    24.250     5.195     9.731
    24.260     5.292     9.632
    24.270     5.387     9.534
    24.280     5.481     9.436
    24.290     5.575     9.338
    24.300     5.667     9.240
    24.310     5.759     9.142
    24.320     5.849     9.044
    24.330     5.938     8.946
    24.340     6.027     8.848
    24.350     6.114     8.750
    24.360     6.201     8.651
    24.370     6.286     8.553
    24.380     6.371     8.455
    24.390     6.455     8.357
    24.400     6.537     8.259
    24.410     6.619     8.161
    24.420     6.699     8.063
    24.430     6.779     7.965
    24.440     6.858     7.867
    24.450     6.935     7.769
    24.460     7.012     7.670
    24.470     7.088     7.572
    24.480     7.163     7.474
    24.490     7.236     7.376
    24.500     7.309     7.278
    24.510     7.381     7.180
    24.520     7.452     7.082
    24.530     7.522     6.984
    24.540     7.590     6.886
    24.550     7.658     6.788
    24.560     7.725     6.689
    24.570     7.791     6.591
    24.580     7.856     6.493
    24.590     7.920     6.395
    24.600     7.983     6.297
    24.610     8.045     6.199
    24.620     8.106     6.101
    24.630     8.166     6.003
    24.640     8.225     5.905
    24.650     8.283     5.807
    24.660     8.340     5.708
    24.670     8.396     5.610
    24.680     8.451     5.512
    24.690     8.506     5.414
    24.700     8.559     5.316
    24.710     8.611     5.218
    24.720     8.662     5.120
    24.730     8.712     5.022
    24.740     8.762     4.924
    24.750     8.810     4.826
    24.760     8.857     4.727
    24.770     8.903     4.629
    24.780     8.949     4.531
    24.790     8.993     4.433
    24.800     9.036     4.335
    24.810     9.079     4.237
    24.820     9.120     4.139
    24.830     9.161     4.041
    24.840     9.200     3.943
    24.850     9.238     3.845
    24.860     9.276     3.746
    24.870     9.312     3.648
    24.880     9.348     3.550
    24.890     9.382     3.452
    24.900     9.416     3.354
    24.910     9.449     3.256
    24.920     9.480     3.158
    24.930     9.511     3.060
    24.940     9.540     2.962
    24.950     9.569     2.864
    24.960     9.597     2.765
    24.970     9.623     2.667
    24.980     9.649     2.569
    24.990     9.674     2.471
    25.000     9.697     2.373
